63000
87000
77000
337500
81000
135000
83000
113000
59000
65000
67000
49000
15000
61000
99000
75000
93000
117000
77000
107000
150000
67000
97000
97000
63000
127000
49000
77000
712500
712500
117000
93000
712500
135000
111000
45000
83000
75000
97000
95000
45000
77000
53000
85000
150000
93000
103000
93000
900000
95000
40000
79000
99000
123000
65000
525000
53000
115000
150000
337500
125000
109000
109000
900000
109000
27500
712500
45000
61000
59000
712500
101000
71000
115000
61000
27500
47000
121000
115000
89000
129000
525000
47000
55000
65000
103000
97000
77000
89000
27500
125000
101000
150000
111000
712500
109000
95000
63000
63000
71000
73000
55000
105000
15000
73000
93000
115000
71000
123000
109000
91000
125000
63000
75000
125000
63000
101000
119000
105000
67000
123000
123000
103000
107000
40000
47000
63000
111000
89000
97000
109000
51000
27500
61000
123000
119000
71000
95000
105000
47000
79000
45000
135000
117000
83000
123000
15000
27500
115000
99000
712500
47000
49000
45000
67000
83000
900000
71000
125000
113000
45000
27500
47000
47000
91000
900000
71000
75000
109000
81000
712500
115000
59000
93000
59000
63000
87000
40000
337500
65000
51000
105000
337500
111000
93000
99000
121000
117000
61000
119000
51000
85000
77000
55000
51000
119000
97000
121000
900000
85000
51000
59000
87000
61000
129000
75000
97000
91000
127000
63000
127000
83000
85000
83000
55000
525000
107000
55000
121000
109000
81000
525000
89000
59000
115000
99000
63000
55000
55000
65000
117000
119000
53000
77000
95000
61000
49000
67000
79000
103000
53000
91000
73000
15000
101000
77000
49000
45000
83000
107000
40000
97000
123000
105000
81000
103000
47000
55000
15000
900000
900000
55000
135000
89000
525000
91000
77000
45000
87000
93000
119000
125000
119000
115000
79000
67000
125000
45000
93000
61000
83000
129000
129000
101000
85000
40000
65000
79000
121000
123000
123000
113000
71000
121000
117000
93000
75000
150000
712500
89000
93000
73000
45000
75000
150000
129000
127000
125000
119000
27500
105000
99000
337500
89000
129000
95000
77000
113000
65000
53000
337500
91000
109000
75000
117000
45000
81000
55000
55000
79000
40000
61000
65000
525000
53000
45000
117000
51000
53000
95000
97000
91000
51000
109000
525000
123000
113000
125000
337500
115000
59000
150000
49000
67000
119000
67000
525000
101000
135000
123000
89000
47000
77000
55000
65000
107000
45000
47000
123000
900000
135000
67000
49000
99000
71000
59000
49000
27500
121000
77000
111000
91000
121000
15000
525000
85000
87000
123000
73000
525000
51000
71000
113000
95000
91000
107000
125000
135000
55000
93000
55000
65000
49000
712500
63000
900000
99000
103000
125000
89000
51000
125000
75000
103000
125000
40000
105000
65000
49000
135000
27500
115000
125000
49000
87000
27500
77000
67000
109000
71000
59000
97000
91000
109000
121000
123000
111000
67000
712500
127000
101000
107000
525000
101000
125000
51000
127000
49000
900000
129000
51000
15000
101000
95000
79000
40000
65000
79000
49000
103000
81000
111000
127000
129000
87000
125000
97000
85000
115000
95000
67000
87000
49000
51000
27500
103000
117000
105000
85000
93000
900000
89000
107000
59000
89000
81000
135000
125000
337500
51000
47000
121000
150000
61000
55000
51000
103000
93000
61000
79000
49000
61000
712500
75000
63000
125000
61000
99000
83000
111000
47000
105000
121000
59000
95000
75000
113000
127000
40000
103000
45000
107000
63000
77000
95000
93000
525000
40000
95000
77000
75000
93000
113000
129000
121000
27500
99000
109000
75000
103000
53000
77000
121000
71000
47000
89000
89000
51000
77000
67000
107000
121000
75000
67000
59000
111000
95000
105000
101000
73000
123000
123000
111000
115000
95000
55000
27500
115000
85000
91000
109000
95000
75000
150000
53000
103000
337500
71000
712500
79000
15000
111000
81000
79000
103000
53000
79000
125000
67000
49000
129000
97000
99000
103000
129000
97000
51000
115000
15000
81000
115000
129000
107000
75000
95000
525000
150000
91000
123000
89000
97000
49000
93000
99000
129000
27500
83000
15000
109000
75000
525000
51000
15000
93000
125000
63000
109000
121000
89000
115000
75000
85000
105000
93000
127000
73000
150000
900000
525000
47000
63000
99000
117000
712500
115000
150000
51000
79000
125000
83000
111000
15000
47000
45000
75000
40000
71000
71000
97000
77000
55000
45000
93000
49000
150000
113000
59000
119000
65000
97000
67000
337500
119000
125000
40000
107000
75000
40000
103000
45000
59000
109000
63000
123000
101000
85000
117000
51000
111000
61000
79000
105000
150000
85000
113000
67000
73000
45000
40000
111000
49000
97000
103000
525000
109000
119000
83000
61000
99000
40000
27500
337500
83000
83000
59000
125000
111000
47000
123000
49000
109000
81000
81000
77000
125000
61000
45000
71000
59000
53000
27500
525000
135000
40000
150000
525000
55000
119000
87000
109000
47000
71000
59000
129000
99000
103000
59000
51000
45000
105000
150000
129000
27500
67000
67000
45000
89000
65000
111000
53000
125000
40000
115000
87000
121000
89000
113000
115000
53000
712500
103000
117000
121000
45000
117000
63000
113000
40000
49000
51000
123000
93000
61000
129000
89000
107000
65000
89000
91000
109000
712500
47000
67000
65000
101000
111000
103000
127000
121000
95000