127000
83000
63000
63000
65000
15000
91000
85000
101000
40000
40000
712500
59000
113000
87000
53000
47000
127000
45000
27500
115000
525000
117000
105000
65000
77000
47000
89000
91000
105000
117000
51000
15000
337500
129000
47000
109000
109000
135000
89000
101000
95000
125000
127000
83000
900000
712500
83000
101000
59000
105000
59000
47000
125000
105000
712500
45000
109000
67000
61000
67000
127000
87000
107000
135000
101000
95000
127000
525000
51000
91000
91000
93000
63000
51000
91000
79000
77000
91000
111000
85000
71000
125000
712500
49000
47000
40000
87000
125000
75000
337500
61000
93000
49000
113000
115000
525000
55000
65000
79000